800009471
8000094705
8000094680
8000094716
8000094618
8000094707
8000094717
8000094706
8000094700
8000094702
8000094703
8000094701
8000094715
8000094657
8000094698
8000094709
8000094699
8000094684
8000094683
8000094663
8000094696
8000094679
8000094686
8000094648
8000094668
8000094687
8000094616
8000094646
8000094671
8000094691
8000094631
8000094656
8000094643
8000094655
8000094641
8000094620
8000094624
8000094613
8000094612
8000094649
8000094626
8000094614
8000094642
8000094645
8000094662
8000094659
8000094661
8000094623
8000094658
8000094619
8000094627
8000094639
8000094621
8000094617
8000094628
8000094650
8000094654
8000094625
8000094570
8000094581
8000094585
8000094562
8000094583
8000094566
8000094540
8000094565
8000094578
8000094563
8000094576
8000094543
8000094538
8000094560
8000094561
8000094567
8000094580
8000094569
8000094544
8000094518
8000094548
8000094542
8000094550
8000094549
8000094524
8000094523
8000094541
8000094516
8000094449
8000094369
8000094304
8000094291
8000094307
8000094268
8000094147
8000094065
8000093950
8000093962
8000093727
8000093710
8000093637
8000093593
8000093619
8000093623
8000093602
8000093589
8000093556
8000093346
8000093319
8000093185
8000093237
8000093123
8000093124
8000093128
8000093005
8000092899
8000092779
8000092781
8000092630
8000092774
8000092775
8000092767
8000092743
8000092736
8000092674
8000092697
8000092671
8000092450
8000092447
8000092430
8000092431
8000092325
8000092324
8000092379
8000092380
8000092377
8000092357
8000092236
8000092255
8000092210
8000092212
8000092217
8100315531
8100315395
8100315392
8100315535
8100315534
8100315390
8100315387
8000092196
8100315401
8100315399
8100315406
8100315404
8100315405
8100315525
8100315159
8100315134
8100315121
8000092053
8000092088
8000092093
8100315046
8100315034
8100315035
8100315036
8000092082
8100315037
8100314855
8100314917
8100314854
8100314819
8100314845
8100314859
8100314724
8100314569
8000091953
8000091956
8000091949
8000091950
8000091922
8100314427
8100314284
8100314283
8100314282
8100314339
8100314337
8100314343
8100314342
8100314270
8100314272
8100314475
8100314222
8100314218
8100314220
8100314215
8100314192
8100314191
8100314259
8100314117
8100314113
8100314190
8100314189
8100314193
8100314098
8100313992
8100314016
8100314012
8100314015
8100313740
8100313744
8100313994
8100313735
8000091749
8100313581
8100313577
8100313576
8100313528
8100313405
8100313406
8100313419
8100313424
8100313356
8100313300
8100313296
8100313319
8100313249
8000091569
8000091564
8100313125
8100313124
8000091563
8000091552
8100313107
8100313100
8000091461
8000091471
8000091452
8100313094
8000091457
8100313092
8100313093
8100313091
8000091408
8100312815
8100312816
8000091422
8100312783
8100312802
8100312811
8100312773
8100312844
8000091389
8100312637
8100312634
8000091394
8100312556
8100312604
8100312603
8000091399
8100312639
8100312602
8100312585
8100312540
8100312549
8100312394
8100312393
8100312395
8100312397
8100312373
8100312258
8100312280
8100312281
8100312267
8000091261
8100312285
8100312286
8000091267
8000091266
8100312120
8000091265
8000091271
8100311998
8100311994
8100312001
8100311992
8100311982
8100312032
8100311755
8100311749
8000091142
8000091134
8000091104
8000091098
8000091110
8100311432
8100311451
8100311351
8100311272
8100311271
8100311201
8100311203
6500001301
8100311188
8100311189
8100310989
8100310988
8000063167
8100205989
8000063155
8000063154
8000063153
8000063151
8090039661
8100205985